Date;Soins normaux;Soins intensifs (sans GE);SI sans GE;[1.NbMorts];[9.TotalPatientDepartHopital];Nb de résidents positifs cumulé;Nb de résidents positifs;Nb de tests effectués sur résidents;Nb de tests effectués sur résidents cumulés
24/02/2020;-;0;-;0;-;0;0;2;2
25/02/2020;-;0;-;0;-;0;0;7;9
26/02/2020;-;0;-;0;-;0;0;2;11
27/02/2020;-;0;-;0;-;0;0;1;12
28/02/2020;-;0;-;0;-;0;0;4;16
29/02/2020;-;0;-;0;-;1;1;1;17
01/03/2020;-;0;-;0;-;1;0;0;17
02/03/2020;-;0;-;0;-;1;0;4;21
03/03/2020;-;0;-;0;-;1;0;2;23
04/03/2020;-;0;-;0;-;1;0;1;24
05/03/2020;-;0;-;0;-;2;1;5;29
06/03/2020;-;0;-;0;-;2;0;6;35
07/03/2020;-;0;-;0;-;3;1;6;41
08/03/2020;-;0;-;0;-;3;0;0;41
09/03/2020;-;0;-;0;-;3;0;15;56
10/03/2020;-;0;-;0;3;3;0;21;77
11/03/2020;-;0;-;0;-;4;1;34;111
12/03/2020;-;0;-;0;1;17;13;171;282
13/03/2020;-;0;-;1;3;39;22;183;465
14/03/2020;-;0;-;1;-;57;18;92;557
15/03/2020;-;0;-;1;-;57;0;18;575
16/03/2020;-;0;-;1;4;89;32;358;933
17/03/2020;0;0;0;3;1;198;109;579;1512
18/03/2020;0;0;0;3;3;347;149;882;2394
19/03/2020;1;0;0;4;0;483;136;901;3295
20/03/2020;18;3;3;6;2;651;168;995;4290
21/03/2020;56;6;6;7;1;770;119;438;4728
22/03/2020;63;5;2;7;5;791;21;21;4749
23/03/2020;71;7;2;7;6;1010;219;1104;5853
24/03/2020;97;9;2;7;2;1183;173;885;6738
25/03/2020;128;21;14;9;2;1332;149;900;7638
26/03/2020;120;26;20;9;11;1533;201;4597;12235
27/03/2020;128;26;20;14;4;1686;153;1082;13317
28/03/2020;152;29;23;17;7;1783;97;824;14141
29/03/2020;160;27;21;21;1;1816;33;273;14414
30/03/2020;150;30;24;22;19;1953;137;1076;15490
31/03/2020;153;32;26;26;16;2039;86;936;16426
01/04/2020;154;33;27;27;11;2158;119;1180;17606
02/04/2020;171;40;30;28;9;2267;109;1341;18947
03/04/2020;167;45;35;29;19;2354;87;1213;20160
04/04/2020;173;43;33;34;13;2413;59;824;20984
05/04/2020;160;43;33;36;10;2444;31;551;21535
06/04/2020;160;41;31;38;16;2503;59;1050;22585
07/04/2020;159;41;31;43;11;2564;61;1020;23605
08/04/2020;168;43;33;46;9;2628;64;932;24537
09/04/2020;163;39;29;49;10;2685;57;863;25400
10/04/2020;165;38;28;54;17;2720;35;691;26091
11/04/2020;150;40;30;58;7;2727;7;309;26400
12/04/2020;161;40;31;62;3;2739;12;208;26608
13/04/2020;139;42;33;65;13;2742;3;82;26690
14/04/2020;140;43;34;68;17;2801;59;1373;28063
15/04/2020;124;44;35;68;10;2834;33;844;28907
16/04/2020;138;41;32;71;14;2859;25;958;29865
17/04/2020;124;39;30;71;11;2903;44;1032;30897
18/04/2020;136;40;31;74;8;2918;15;528;31425
19/04/2020;132;39;30;75;0;2921;3;191;31616
20/04/2020;130;39;31;78;20;2936;15;933;32549
21/04/2020;126;38;31;80;8;2960;24;752;33301
22/04/2020;125;35;28;81;8;2969;9;1140;34441
23/04/2020;112;30;24;84;10;2985;16;790;35231
24/04/2020;109;30;25;85;13;3002;17;1313;36544
25/04/2020;98;28;23;88;7;3014;12;607;37151
26/04/2020;100;25;20;88;4;3019;5;132;37283
27/04/2020;89;25;20;89;17;3028;9;762;38045
28/04/2020;92;25;22;89;17;3045;17;1724;39769
29/04/2020;78;27;24;90;9;3055;10;1886;41655
30/04/2020;67;27;24;92;9;3067;12;1969;43624
01/05/2020;79;28;25;93;3;3074;7;1394;45018
02/05/2020;74;27;24;96;3;3078;4;696;45714
03/05/2020;73;26;23;96;2;3082;4;237;45951
04/05/2020;71;25;22;98;6;3093;11;1037;46988
05/05/2020;81;23;20;98;12;3101;8;1280;48268
06/05/2020;75;24;21;100;4;3107;6;1434;49702
07/05/2020;67;19;16;100;5;3112;5;1321;51023
08/05/2020;75;18;15;101;10;3115;3;1319;52342
09/05/2020;68;17;14;101;5;3123;8;733;53075
10/05/2020;59;21;18;101;3;3124;1;212;53287
11/05/2020;56;23;22;102;1;3128;4;1050;54337
12/05/2020;57;23;22;103;4;3135;7;1393;55730
13/05/2020;59;12;11;103;7;3144;9;1207;56937
14/05/2020;63;12;11;104;3;3147;3;1293;58230
15/05/2020;50;16;15;105;3;3152;5;1275;59505
16/05/2020;42;14;13;106;5;3162;10;1017;60522
17/05/2020;38;9;8;106;1;3163;1;150;60672
18/05/2020;42;11;10;108;6;3175;12;999;61671
19/05/2020;43;7;6;108;5;3182;7;1070;62741
20/05/2020;48;7;6;108;10;3189;7;1514;64255
21/05/2020;36;6;5;108;1;3189;0;788;65043
22/05/2020;37;9;8;108;8;3198;9;1209;66252
23/05/2020;27;8;7;109;0;3200;2;1212;67464
24/05/2020;28;5;4;109;-;3201;1;94;67558
25/05/2020;30;6;5;109;2;3203;2;945;68503
26/05/2020;38;5;4;110;1;3208;5;1330;69833
27/05/2020;29;5;4;110;3;3209;1;1205;71038
28/05/2020;25;5;4;110;2;3212;3;2002;73040
29/05/2020;25;4;3;110;4;3215;3;2204;75244
30/05/2020;23;4;3;110;2;3217;2;2016;77260
31/05/2020;24;4;3;110;2;3217;0;192;77452
01/06/2020;21;4;4;110;2;3218;1;422;77874
02/06/2020;20;2;2;110;2;3220;2;1592;79466
03/06/2020;18;3;3;110;-;3222;2;1745;81211
04/06/2020;18;1;1;110;4;3226;4;1678;82889
05/06/2020;18;1;1;110;4;3227;1;2873;85762
06/06/2020;12;1;1;110;-;3229;2;1824;87586
07/06/2020;16;2;2;110;1;3230;1;506;88092
08/06/2020;18;2;2;110;1;3234;4;2245;90337
09/06/2020;16;1;1;110;3;3237;3;2604;92941
10/06/2020;16;1;1;110;4;3241;4;4490;97431
11/06/2020;15;0;0;110;1;3242;1;4028;101459
12/06/2020;16;0;0;110;5;3244;2;5950;107409
13/06/2020;12;1;1;110;3;3252;8;3372;110781
14/06/2020;10;1;1;110;1;3254;2;667;111448
15/06/2020;13;2;2;110;1;3259;5;4789;116237
16/06/2020;14;1;1;110;5;3266;7;4841;121078
17/06/2020;10;2;2;110;3;3267;1;6245;127323
18/06/2020;12;2;2;110;1;3273;6;6164;133487
19/06/2020;11;1;1;110;3;3282;9;6803;140290
20/06/2020;12;1;1;110;2;3295;13;5404;145694
21/06/2020;14;2;2;110;-;3295;0;504;146198
22/06/2020;14;1;1;110;3;3307;12;6068;152266
23/06/2020;11;0;0;110;1;3309;2;139;152405
24/06/2020;13;0;0;110;3;3322;13;4685;157090
25/06/2020;12;1;1;110;-;3341;19;5291;162381
26/06/2020;8;1;1;110;1;3382;41;6153;168534
27/06/2020;12;1;1;110;-;3412;30;5540;174074
28/06/2020;9;2;2;110;1;3422;10;931;175005
29/06/2020;14;2;2;110;2;3466;44;8649;183654
30/06/2020;16;2;2;110;4;3490;24;7748;191402
01/07/2020;14;2;2;110;1;3541;51;10186;201588
02/07/2020;19;3;3;110;5;3584;43;11109;212697
03/07/2020;14;3;3;110;6;3612;28;10553;223250
04/07/2020;21;3;3;110;2;3661;49;7814;231064
05/07/2020;17;3;3;110;3;3673;12;1018;232082
06/07/2020;19;3;3;110;2;3721;48;10006;242088
07/07/2020;23;1;1;110;6;3773;52;9528;251616
08/07/2020;24;2;2;110;3;3824;51;11359;262975
09/07/2020;24;3;3;110;3;3859;35;11067;274042
10/07/2020;29;2;2;111;4;3915;56;5392;279434
11/07/2020;33;3;3;111;4;3992;77;7742;287176
12/07/2020;34;4;4;111;3;4020;28;4546;291722
13/07/2020;44;3;3;111;7;4113;93;10432;302154
14/07/2020;34;4;4;111;7;4165;52;11549;313703
15/07/2020;37;5;5;111;2;4299;134;14328;328031
16/07/2020;36;4;4;111;2;4405;106;13387;341418
17/07/2020;36;6;6;111;5;4478;73;14369;355787
18/07/2020;42;6;6;111;5;4575;97;12663;368450
19/07/2020;47;7;7;111;3;4602;27;3078;371528
20/07/2020;50;5;5;111;8;4673;71;9710;381238
21/07/2020;55;5;5;111;3;4786;113;16282;397520
22/07/2020;57;1;1;112;7;4863;77;7088;404608
23/07/2020;49;3;3;112;4;4948;85;15185;419793
24/07/2020;44;4;4;112;3;5069;121;10533;430326
25/07/2020;50;4;4;112;-;5144;75;6083;436409
26/07/2020;55;6;6;112;7;5184;40;1057;437466
27/07/2020;50;5;5;113;5;5217;33;14323;451789
28/07/2020;55;4;4;114;3;5355;138;8419;460208
29/07/2020;57;6;6;114;11;5422;67;6678;466886
30/07/2020;48;7;7;114;3;5490;68;9722;476608
31/07/2020;47;6;6;116;7;5567;77;8655;485263
01/08/2020;51;6;6;117;2;5615;48;6173;491436
02/08/2020;54;7;7;118;5;5622;7;860;492296
03/08/2020;52;7;7;118;10;5671;49;6210;498506
04/08/2020;42;5;5;118;4;5750;79;7780;506286
05/08/2020;42;9;9;119;3;5804;54;10027;516313
06/08/2020;42;6;6;119;2;5837;33;6180;522493
07/08/2020;41;8;8;120;12;5883;46;6892;529385
08/08/2020;39;8;8;121;5;5912;29;5885;535270
09/08/2020;35;6;6;122;1;5919;7;345;535615
10/08/2020;41;4;4;123;3;5944;25;5525;541140
11/08/2020;41;3;3;123;7;5988;44;6593;547733
12/08/2020;37;1;1;123;6;6043;55;4751;552484
13/08/2020;35;3;3;123;6;6076;33;4630;557114
14/08/2020;40;4;4;124;2;6102;26;8411;565525
15/08/2020;29;3;3;124;2;6117;15;2540;568065
16/08/2020;34;3;3;124;-;6123;6;483;568548
17/08/2020;28;4;4;124;4;6146;23;3428;571976
18/08/2020;30;3;3;124;5;6204;58;5600;577576
19/08/2020;31;3;3;124;1;6258;54;8600;586176
20/08/2020;37;3;3;124;4;6317;59;4973;591149
21/08/2020;26;1;1;124;3;6367;50;7846;598995
22/08/2020;31;1;1;124;1;6386;19;5579;604574
23/08/2020;30;1;1;124;1;6395;9;992;605566
24/08/2020;31;1;1;124;2;6423;28;2793;608359
25/08/2020;31;2;2;124;4;6499;76;6735;615094
26/08/2020;25;2;2;124;4;6550;51;5968;621062
27/08/2020;28;2;2;124;7;6587;37;8116;629178
28/08/2020;21;4;4;124;4;6632;45;6901;636079
29/08/2020;20;3;3;124;1;6680;48;6660;642739
30/08/2020;25;2;2;124;1;6684;4;952;643691
31/08/2020;26;2;2;124;9;6708;24;5279;648970
01/09/2020;15;1;1;124;1;6756;48;10055;659025
02/09/2020;14;2;2;124;4;6816;60;7599;666624
03/09/2020;11;0;0;124;3;6859;43;7427;674051
04/09/2020;10;0;0;124;2;6901;42;9274;683325
05/09/2020;10;0;0;124;-;6955;54;7404;690729
06/09/2020;15;0;0;124;-;6965;10;1151;691880
07/09/2020;20;0;0;124;-;6979;14;5174;697054
08/09/2020;23;0;0;124;2;7027;48;10072;707126
09/09/2020;21;0;0;124;1;7092;65;7783;714909
10/09/2020;20;1;1;125;4;7162;70;8909;723818
11/09/2020;17;0;0;125;4;7197;35;10048;733866
12/09/2020;18;0;0;125;3;7241;44;7894;741760
13/09/2020;15;1;1;125;1;7247;6;1401;743161
14/09/2020;19;0;0;125;1;7287;40;7798;750959
15/09/2020;22;0;0;125;1;7397;110;10618;761577
16/09/2020;23;0;0;125;4;7543;146;9040;770617
17/09/2020;17;1;1;125;1;7720;177;4238;774855
18/09/2020;16;0;0;125;2;7805;85;4729;779584
19/09/2020;20;2;2;125;-;7908;103;3704;783288
20/09/2020;20;1;1;125;2;7918;10;839;784127
21/09/2020;19;1;1;125;1;8018;100;6510;790637
22/09/2020;22;1;1;125;-;8092;74;6238;796875
23/09/2020;23;3;3;125;1;8159;67;6173;803048
24/09/2020;18;1;1;125;-;8235;76;6138;809186
25/09/2020;24;1;1;125;5;8318;83;6148;815334
26/09/2020;27;3;3;125;-;8364;46;5361;820695
27/09/2020;33;3;3;125;1;8378;14;714;821409
28/09/2020;30;4;4;125;8;8433;55;5513;826922
29/09/2020;25;5;5;125;4;8511;78;7172;834094
30/09/2020;25;5;5;125;1;8597;86;6128;840222
01/10/2020;17;3;3;125;3;8720;123;7146;847368
02/10/2020;17;3;3;126;3;8808;88;6508;853876
03/10/2020;19;2;2;126;2;8901;93;5571;859447
04/10/2020;19;2;2;127;3;8927;26;1019;860466
05/10/2020;21;1;1;128;5;8981;54;5357;865823
06/10/2020;19;2;2;128;2;9124;143;6728;872551
07/10/2020;20;2;2;129;0;9221;97;6948;879499
08/10/2020;23;1;1;131;0;9361;140;7861;887360
09/10/2020;33;1;1;132;4;9515;154;7063;894423
10/10/2020;32;2;2;133;3;9723;208;5392;899815
11/10/2020;34;2;2;133;-;9732;9;809;900624
12/10/2020;38;2;2;133;2;9841;109;6746;907370
13/10/2020;43;3;3;133;5;10031;190;7530;914900
14/10/2020;40;4;4;133;3;10245;214;6873;921773
15/10/2020;37;4;4;133;1;10472;227;8791;930564
16/10/2020;45;4;4;133;5;10658;186;8334;938898
17/10/2020;50;3;3;133;4;10900;242;8735;947633
18/10/2020;53;4;4;135;3;11012;112;1081;948714
19/10/2020;56;5;5;136;4;11256;244;5940;954654
20/10/2020;61;7;7;139;9;11739;483;7847;962501
21/10/2020;61;8;8;140;3;12335;596;13797;976298
22/10/2020;76;10;10;141;9;12851;516;8978;985276
23/10/2020;77;11;11;144;9;13714;863;11978;997254
24/10/2020;91;12;12;146;2;14205;491;10394;1007648
25/10/2020;102;12;12;147;5;14400;195;1915;1009563
26/10/2020;98;16;16;147;19;14885;485;8882;1018445
27/10/2020;116;16;16;148;8;15659;774;12353;1030798
28/10/2020;119;21;21;150;15;16356;697;8656;1039454
29/10/2020;126;24;24;152;5;17133;777;12679;1052133